time	V(n001)	V(n002)	I(C1)	I(R1)	I(V1)
0.000000000000000e+000	0.000000e+000	0.000000e+000	0.000000e+000	0.000000e+000	0.000000e+000
9.362285189646565e-007	1.764834e-002	1.754165e-002	1.754165e-004	1.754165e-004	-1.754165e-004
1.872457037929313e-006	3.529474e-002	3.488281e-002	3.488281e-004	3.488281e-004	-3.488281e-004
2.808685556893970e-006	5.293919e-002	5.202346e-002	5.202347e-004	5.202347e-004	-5.202347e-004
3.744914075858626e-006	7.058169e-002	6.896363e-002	6.896363e-004	6.896363e-004	-6.896363e-004
4.681142594823283e-006	8.822225e-002	8.570329e-002	8.570329e-004	8.570329e-004	-8.570329e-004
5.617371113787939e-006	1.058609e-001	1.022425e-001	1.022425e-003	1.022425e-003	-1.022425e-003
6.553599632752594e-006	1.234975e-001	1.185811e-001	1.185811e-003	1.185811e-003	-1.185811e-003
1.310719926550519e-005	2.467857e-001	2.286768e-001	2.286768e-003	2.286768e-003	-2.286768e-003
2.248643398390994e-005	4.224505e-001	3.745269e-001	3.745269e-003	3.745269e-003	-3.745269e-003
3.248643398390994e-005	6.081115e-001	5.152624e-001	5.152624e-003	5.152624e-003	-5.152624e-003
4.248643398390994e-005	7.913725e-001	6.405519e-001	6.405519e-003	6.405519e-003	-6.405519e-003
5.248643398390994e-005	9.715104e-001	7.509375e-001	7.509375e-003	7.509375e-003	-7.509375e-003
6.248643398390994e-005	1.147814e+000	8.471623e-001	8.471623e-003	8.471623e-003	-8.471623e-003
7.248643398390994e-005	1.319588e+000	9.299129e-001	9.299129e-003	9.299129e-003	-9.299129e-003
8.248643398390994e-005	1.486154e+000	9.998275e-001	9.998275e-003	9.998275e-003	-9.998275e-003
9.248643398390993e-005	1.646855e+000	1.057503e+000	1.057503e-002	1.057503e-002	-1.057503e-002
1.024864339839099e-004	1.801056e+000	1.103502e+000	1.103502e-002	1.103502e-002	-1.103502e-002
1.124864339839099e-004	1.948150e+000	1.138358e+000	1.138358e-002	1.138358e-002	-1.138358e-002
1.224864339839099e-004	2.087555e+000	1.162578e+000	1.162578e-002	1.162578e-002	-1.162578e-002
1.324864339839099e-004	2.218721e+000	1.176654e+000	1.176654e-002	1.176654e-002	-1.176654e-002
1.424864339839099e-004	2.341131e+000	1.181058e+000	1.181058e-002	1.181058e-002	-1.181058e-002
1.524864339839099e-004	2.454302e+000	1.176251e+000	1.176251e-002	1.176251e-002	-1.176251e-002
1.624864339839099e-004	2.557787e+000	1.162687e+000	1.162687e-002	1.162687e-002	-1.162687e-002
1.724864339839099e-004	2.651177e+000	1.140810e+000	1.140810e-002	1.140810e-002	-1.140810e-002
1.824864339839099e-004	2.734105e+000	1.111062e+000	1.111062e-002	1.111062e-002	-1.111062e-002
1.924864339839099e-004	2.806242e+000	1.073881e+000	1.073881e-002	1.073881e-002	-1.073881e-002
2.024864339839099e-004	2.867304e+000	1.029704e+000	1.029704e-002	1.029704e-002	-1.029704e-002
2.124864339839099e-004	2.917050e+000	9.789673e-001	9.789674e-003	9.789674e-003	-9.789674e-003
2.224864339839099e-004	2.955284e+000	9.221097e-001	9.221097e-003	9.221097e-003	-9.221097e-003
2.324864339839099e-004	2.981855e+000	8.595703e-001	8.595703e-003	8.595703e-003	-8.595703e-003
2.424864339839099e-004	2.996658e+000	7.917904e-001	7.917904e-003	7.917904e-003	-7.917904e-003
2.524864339839100e-004	2.999634e+000	7.192136e-001	7.192136e-003	7.192136e-003	-7.192136e-003
2.624864339839100e-004	2.990772e+000	6.422855e-001	6.422855e-003	6.422855e-003	-6.422855e-003
2.724864339839100e-004	2.970107e+000	5.614539e-001	5.614539e-003	5.614539e-003	-5.614539e-003
2.824864339839100e-004	2.937720e+000	4.771680e-001	4.771681e-003	4.771681e-003	-4.771681e-003
2.924864339839101e-004	2.893740e+000	3.898785e-001	3.898785e-003	3.898785e-003	-3.898785e-003
3.024864339839101e-004	2.838339e+000	3.000366e-001	3.000366e-003	3.000366e-003	-3.000366e-003
3.124864339839101e-004	2.771736e+000	2.080934e-001	2.080934e-003	2.080934e-003	-2.080934e-003
3.224864339839101e-004	2.694195e+000	1.144990e-001	1.144990e-003	1.144990e-003	-1.144990e-003
3.324864339839102e-004	2.606021e+000	1.970199e-002	1.970199e-004	1.970199e-004	-1.970199e-004
3.524864339839102e-004	2.399208e+000	-1.717215e-001	-1.717215e-003	-1.717215e-003	1.717215e-003
3.724864339839103e-004	2.154557e+000	-3.626646e-001	-3.626646e-003	-3.626646e-003	3.626646e-003
3.924864339839103e-004	1.875928e+000	-5.497118e-001	-5.497118e-003	-5.497118e-003	5.497118e-003
4.124864339839104e-004	1.567714e+000	-7.295825e-001	-7.295825e-003	-7.295825e-003	7.295825e-003
4.324864339839104e-004	1.234776e+000	-8.991692e-001	-8.991692e-003	-8.991692e-003	8.991692e-003
4.524864339839105e-004	8.823654e-001	-1.055576e+000	-1.055576e-002	-1.055576e-002	1.055576e-002
4.724864339839105e-004	5.160392e-001	-1.196154e+000	-1.196154e-002	-1.196154e-002	1.196154e-002
4.924864339839105e-004	1.415748e-001	-1.318539e+000	-1.318539e-002	-1.318539e-002	1.318539e-002
5.124864339839106e-004	-2.351224e-001	-1.420678e+000	-1.420678e-002	-1.420678e-002	1.420678e-002
5.324864339839106e-004	-6.081115e-001	-1.500862e+000	-1.500862e-002	-1.500862e-002	1.500862e-002
5.524864339839107e-004	-9.715104e-001	-1.557743e+000	-1.557743e-002	-1.557743e-002	1.557743e-002
5.724864339839108e-004	-1.319588e+000	-1.590359e+000	-1.590359e-002	-1.590359e-002	1.590359e-002
5.924864339839108e-004	-1.646855e+000	-1.598141e+000	-1.598141e-002	-1.598141e-002	1.598141e-002
6.124864339839109e-004	-1.948150e+000	-1.580920e+000	-1.580920e-002	-1.580920e-002	1.580920e-002
6.324864339839109e-004	-2.218721e+000	-1.538933e+000	-1.538933e-002	-1.538933e-002	1.538933e-002
6.524864339839110e-004	-2.454302e+000	-1.472811e+000	-1.472811e-002	-1.472811e-002	1.472811e-002
6.724864339839110e-004	-2.651177e+000	-1.383572e+000	-1.383572e-002	-1.383572e-002	1.383572e-002
6.924864339839111e-004	-2.806242e+000	-1.272604e+000	-1.272605e-002	-1.272605e-002	1.272605e-002
7.124864339839111e-004	-2.917050e+000	-1.141641e+000	-1.141641e-002	-1.141641e-002	1.141641e-002
7.324864339839112e-004	-2.981855e+000	-9.927341e-001	-9.927342e-003	-9.927342e-003	9.927342e-003
7.524864339839112e-004	-2.999634e+000	-8.282207e-001	-8.282207e-003	-8.282207e-003	8.282207e-003
7.724864339839113e-004	-2.970107e+000	-6.506865e-001	-6.506865e-003	-6.506865e-003	6.506865e-003
7.924864339839113e-004	-2.893740e+000	-4.629238e-001	-4.629239e-003	-4.629239e-003	4.629239e-003
8.124864339839114e-004	-2.771736e+000	-2.678878e-001	-2.678878e-003	-2.678878e-003	2.678878e-003
8.324864339839114e-004	-2.606021e+000	-6.864937e-002	-6.864937e-004	-6.864937e-004	6.864937e-004
8.524864339839115e-004	-2.399208e+000	1.316535e-001	1.316535e-003	1.316535e-003	-1.316535e-003
8.724864339839115e-004	-2.154557e+000	3.298651e-001	3.298651e-003	3.298651e-003	-3.298651e-003
8.924864339839116e-004	-1.875928e+000	5.228623e-001	5.228623e-003	5.228623e-003	-5.228623e-003
9.124864339839116e-004	-1.567714e+000	7.076037e-001	7.076037e-003	7.076037e-003	-7.076037e-003
9.324864339839117e-004	-1.234776e+000	8.811775e-001	8.811775e-003	8.811775e-003	-8.811775e-003
9.524864339839117e-004	-8.823654e-001	1.040848e+000	1.040848e-002	1.040848e-002	-1.040848e-002
9.724864339839118e-004	-5.160392e-001	1.184098e+000	1.184098e-002	1.184098e-002	-1.184098e-002
9.924864339839119e-004	-1.415748e-001	1.308670e+000	1.308670e-002	1.308670e-002	-1.308670e-002
1.012486433983912e-003	2.351224e-001	1.412599e+000	1.412599e-002	1.412599e-002	-1.412599e-002
1.032486433983912e-003	6.081115e-001	1.494248e+000	1.494248e-002	1.494248e-002	-1.494248e-002
1.052486433983912e-003	9.715104e-001	1.552330e+000	1.552329e-002	1.552329e-002	-1.552329e-002
1.072486433983912e-003	1.319588e+000	1.585928e+000	1.585928e-002	1.585928e-002	-1.585928e-002
1.092486433983912e-003	1.646855e+000	1.594513e+000	1.594513e-002	1.594513e-002	-1.594513e-002
1.112486433983912e-003	1.948150e+000	1.577951e+000	1.577951e-002	1.577951e-002	-1.577951e-002
1.132486433983912e-003	2.218721e+000	1.536502e+000	1.536502e-002	1.536502e-002	-1.536502e-002
1.152486433983912e-003	2.454302e+000	1.470821e+000	1.470821e-002	1.470821e-002	-1.470821e-002
1.172486433983912e-003	2.651177e+000	1.381943e+000	1.381943e-002	1.381943e-002	-1.381943e-002
1.192486433983912e-003	2.806242e+000	1.271271e+000	1.271271e-002	1.271271e-002	-1.271271e-002
1.212486433983912e-003	2.917050e+000	1.140550e+000	1.140550e-002	1.140550e-002	-1.140550e-002
1.232486433983913e-003	2.981855e+000	9.918406e-001	9.918407e-003	9.918407e-003	-9.918407e-003
1.252486433983913e-003	2.999634e+000	8.274893e-001	8.274893e-003	8.274893e-003	-8.274893e-003
1.272486433983913e-003	2.970107e+000	6.500878e-001	6.500877e-003	6.500877e-003	-6.500877e-003
1.292486433983913e-003	2.893740e+000	4.624337e-001	4.624337e-003	4.624337e-003	-4.624337e-003
1.312486433983913e-003	2.771736e+000	2.674866e-001	2.674866e-003	2.674866e-003	-2.674866e-003
1.332486433983913e-003	2.606021e+000	6.832094e-002	6.832095e-004	6.832095e-004	-6.832095e-004
1.352486433983913e-003	2.399208e+000	-1.319223e-001	-1.319223e-003	-1.319223e-003	1.319223e-003
1.372486433983913e-003	2.154557e+000	-3.300852e-001	-3.300852e-003	-3.300852e-003	3.300852e-003
1.392486433983913e-003	1.875928e+000	-5.230425e-001	-5.230425e-003	-5.230425e-003	5.230425e-003
1.412486433983913e-003	1.567714e+000	-7.077512e-001	-7.077511e-003	-7.077511e-003	7.077511e-003
1.432486433983913e-003	1.234776e+000	-8.812982e-001	-8.812983e-003	-8.812983e-003	8.812983e-003
1.452486433983913e-003	8.823654e-001	-1.040947e+000	-1.040947e-002	-1.040947e-002	1.040947e-002
1.472486433983913e-003	5.160392e-001	-1.184179e+000	-1.184179e-002	-1.184179e-002	1.184179e-002
1.492486433983913e-003	1.415748e-001	-1.308736e+000	-1.308736e-002	-1.308736e-002	1.308736e-002
1.512486433983913e-003	-2.351224e-001	-1.412653e+000	-1.412653e-002	-1.412653e-002	1.412653e-002
1.532486433983913e-003	-6.081115e-001	-1.494293e+000	-1.494293e-002	-1.494293e-002	1.494293e-002
1.552486433983913e-003	-9.715104e-001	-1.552366e+000	-1.552366e-002	-1.552366e-002	1.552366e-002
1.572486433983913e-003	-1.319588e+000	-1.585957e+000	-1.585957e-002	-1.585957e-002	1.585957e-002
1.592486433983913e-003	-1.646855e+000	-1.594537e+000	-1.594537e-002	-1.594537e-002	1.594537e-002
1.612486433983914e-003	-1.948150e+000	-1.577971e+000	-1.577971e-002	-1.577971e-002	1.577971e-002
1.632486433983914e-003	-2.218721e+000	-1.536518e+000	-1.536518e-002	-1.536518e-002	1.536518e-002
1.652486433983914e-003	-2.454302e+000	-1.470834e+000	-1.470834e-002	-1.470834e-002	1.470834e-002
1.672486433983914e-003	-2.651177e+000	-1.381954e+000	-1.381954e-002	-1.381954e-002	1.381954e-002
1.692486433983914e-003	-2.806242e+000	-1.271280e+000	-1.271280e-002	-1.271280e-002	1.271280e-002
1.712486433983914e-003	-2.917050e+000	-1.140557e+000	-1.140557e-002	-1.140557e-002	1.140557e-002
1.732486433983914e-003	-2.981855e+000	-9.918466e-001	-9.918466e-003	-9.918466e-003	9.918466e-003
1.752486433983914e-003	-2.999634e+000	-8.274943e-001	-8.274943e-003	-8.274943e-003	8.274943e-003
1.772486433983914e-003	-2.970107e+000	-6.500918e-001	-6.500917e-003	-6.500917e-003	6.500917e-003
1.792486433983914e-003	-2.893740e+000	-4.624370e-001	-4.624370e-003	-4.624370e-003	4.624370e-003
1.812486433983914e-003	-2.771736e+000	-2.674893e-001	-2.674893e-003	-2.674893e-003	2.674893e-003
1.832486433983914e-003	-2.606021e+000	-6.832314e-002	-6.832315e-004	-6.832315e-004	6.832315e-004
1.852486433983914e-003	-2.399208e+000	1.319205e-001	1.319205e-003	1.319205e-003	-1.319205e-003
1.872486433983914e-003	-2.154557e+000	3.300837e-001	3.300837e-003	3.300837e-003	-3.300837e-003
1.892486433983914e-003	-1.875928e+000	5.230412e-001	5.230413e-003	5.230413e-003	-5.230413e-003
1.912486433983914e-003	-1.567714e+000	7.077501e-001	7.077502e-003	7.077502e-003	-7.077502e-003
1.932486433983914e-003	-1.234776e+000	8.812975e-001	8.812974e-003	8.812974e-003	-8.812974e-003
1.952486433983914e-003	-8.823654e-001	1.040946e+000	1.040946e-002	1.040946e-002	-1.040946e-002
1.972486433983914e-003	-5.160392e-001	1.184178e+000	1.184178e-002	1.184178e-002	-1.184178e-002
1.992486433983914e-003	-1.415748e-001	1.308736e+000	1.308736e-002	1.308736e-002	-1.308736e-002
2.012486433983914e-003	2.351224e-001	1.412653e+000	1.412653e-002	1.412653e-002	-1.412653e-002
2.032486433983914e-003	6.081115e-001	1.494292e+000	1.494292e-002	1.494292e-002	-1.494292e-002
2.052486433983914e-003	9.715104e-001	1.552366e+000	1.552366e-002	1.552366e-002	-1.552366e-002
2.072486433983915e-003	1.319588e+000	1.585957e+000	1.585957e-002	1.585957e-002	-1.585957e-002
2.092486433983915e-003	1.646855e+000	1.594537e+000	1.594537e-002	1.594537e-002	-1.594537e-002
2.112486433983915e-003	1.948150e+000	1.577971e+000	1.577971e-002	1.577971e-002	-1.577971e-002
2.132486433983915e-003	2.218721e+000	1.536518e+000	1.536518e-002	1.536518e-002	-1.536518e-002
2.152486433983915e-003	2.454302e+000	1.470834e+000	1.470834e-002	1.470834e-002	-1.470834e-002
2.172486433983915e-003	2.651177e+000	1.381954e+000	1.381954e-002	1.381954e-002	-1.381954e-002
2.192486433983915e-003	2.806242e+000	1.271280e+000	1.271280e-002	1.271280e-002	-1.271280e-002
2.212486433983915e-003	2.917050e+000	1.140557e+000	1.140557e-002	1.140557e-002	-1.140557e-002
2.232486433983915e-003	2.981855e+000	9.918466e-001	9.918465e-003	9.918465e-003	-9.918465e-003
2.252486433983915e-003	2.999634e+000	8.274942e-001	8.274942e-003	8.274942e-003	-8.274942e-003
2.272486433983915e-003	2.970107e+000	6.500918e-001	6.500917e-003	6.500917e-003	-6.500917e-003
2.292486433983915e-003	2.893740e+000	4.624370e-001	4.624370e-003	4.624370e-003	-4.624370e-003
2.312486433983915e-003	2.771736e+000	2.674893e-001	2.674893e-003	2.674893e-003	-2.674893e-003
2.332486433983915e-003	2.606021e+000	6.832313e-002	6.832313e-004	6.832313e-004	-6.832313e-004
2.352486433983915e-003	2.399208e+000	-1.319205e-001	-1.319205e-003	-1.319205e-003	1.319205e-003
2.372486433983915e-003	2.154557e+000	-3.300837e-001	-3.300837e-003	-3.300837e-003	3.300837e-003
2.392486433983915e-003	1.875928e+000	-5.230412e-001	-5.230413e-003	-5.230413e-003	5.230413e-003
2.412486433983915e-003	1.567714e+000	-7.077501e-001	-7.077502e-003	-7.077502e-003	7.077502e-003
2.432486433983915e-003	1.234776e+000	-8.812975e-001	-8.812974e-003	-8.812974e-003	8.812974e-003
2.452486433983916e-003	8.823654e-001	-1.040946e+000	-1.040946e-002	-1.040946e-002	1.040946e-002
2.472486433983916e-003	5.160392e-001	-1.184178e+000	-1.184178e-002	-1.184178e-002	1.184178e-002
2.492486433983916e-003	1.415748e-001	-1.308736e+000	-1.308736e-002	-1.308736e-002	1.308736e-002
2.512486433983916e-003	-2.351224e-001	-1.412653e+000	-1.412653e-002	-1.412653e-002	1.412653e-002
2.532486433983916e-003	-6.081115e-001	-1.494292e+000	-1.494292e-002	-1.494292e-002	1.494292e-002
2.552486433983916e-003	-9.715104e-001	-1.552366e+000	-1.552366e-002	-1.552366e-002	1.552366e-002
2.572486433983916e-003	-1.319588e+000	-1.585957e+000	-1.585957e-002	-1.585957e-002	1.585957e-002
2.592486433983916e-003	-1.646855e+000	-1.594537e+000	-1.594537e-002	-1.594537e-002	1.594537e-002
2.612486433983916e-003	-1.948150e+000	-1.577971e+000	-1.577971e-002	-1.577971e-002	1.577971e-002
2.632486433983916e-003	-2.218721e+000	-1.536518e+000	-1.536518e-002	-1.536518e-002	1.536518e-002
2.652486433983916e-003	-2.454302e+000	-1.470834e+000	-1.470834e-002	-1.470834e-002	1.470834e-002
2.672486433983916e-003	-2.651177e+000	-1.381954e+000	-1.381954e-002	-1.381954e-002	1.381954e-002
2.692486433983916e-003	-2.806242e+000	-1.271280e+000	-1.271280e-002	-1.271280e-002	1.271280e-002
2.712486433983916e-003	-2.917050e+000	-1.140557e+000	-1.140557e-002	-1.140557e-002	1.140557e-002
2.732486433983916e-003	-2.981855e+000	-9.918466e-001	-9.918465e-003	-9.918465e-003	9.918465e-003
2.752486433983916e-003	-2.999634e+000	-8.274942e-001	-8.274942e-003	-8.274942e-003	8.274942e-003
2.772486433983916e-003	-2.970107e+000	-6.500918e-001	-6.500917e-003	-6.500917e-003	6.500917e-003
2.792486433983916e-003	-2.893740e+000	-4.624370e-001	-4.624370e-003	-4.624370e-003	4.624370e-003
2.812486433983916e-003	-2.771736e+000	-2.674893e-001	-2.674893e-003	-2.674893e-003	2.674893e-003
2.832486433983917e-003	-2.606021e+000	-6.832313e-002	-6.832313e-004	-6.832313e-004	6.832313e-004
2.852486433983917e-003	-2.399208e+000	1.319205e-001	1.319205e-003	1.319205e-003	-1.319205e-003
2.872486433983917e-003	-2.154557e+000	3.300837e-001	3.300837e-003	3.300837e-003	-3.300837e-003
2.892486433983917e-003	-1.875928e+000	5.230412e-001	5.230413e-003	5.230413e-003	-5.230413e-003
2.912486433983917e-003	-1.567714e+000	7.077501e-001	7.077502e-003	7.077502e-003	-7.077502e-003
2.932486433983917e-003	-1.234776e+000	8.812975e-001	8.812974e-003	8.812974e-003	-8.812974e-003
2.952486433983917e-003	-8.823654e-001	1.040946e+000	1.040946e-002	1.040946e-002	-1.040946e-002
2.972486433983917e-003	-5.160392e-001	1.184178e+000	1.184178e-002	1.184178e-002	-1.184178e-002
2.992486433983917e-003	-1.415748e-001	1.308736e+000	1.308736e-002	1.308736e-002	-1.308736e-002
3.012486433983917e-003	2.351224e-001	1.412653e+000	1.412653e-002	1.412653e-002	-1.412653e-002
3.032486433983917e-003	6.081115e-001	1.494292e+000	1.494292e-002	1.494292e-002	-1.494292e-002
3.052486433983917e-003	9.715104e-001	1.552366e+000	1.552366e-002	1.552366e-002	-1.552366e-002
3.072486433983917e-003	1.319588e+000	1.585957e+000	1.585957e-002	1.585957e-002	-1.585957e-002
3.092486433983917e-003	1.646855e+000	1.594537e+000	1.594537e-002	1.594537e-002	-1.594537e-002
3.112486433983917e-003	1.948150e+000	1.577971e+000	1.577971e-002	1.577971e-002	-1.577971e-002
3.132486433983917e-003	2.218721e+000	1.536518e+000	1.536518e-002	1.536518e-002	-1.536518e-002
3.152486433983917e-003	2.454302e+000	1.470834e+000	1.470834e-002	1.470834e-002	-1.470834e-002
3.172486433983917e-003	2.651177e+000	1.381954e+000	1.381954e-002	1.381954e-002	-1.381954e-002
3.192486433983917e-003	2.806242e+000	1.271280e+000	1.271280e-002	1.271280e-002	-1.271280e-002
3.212486433983918e-003	2.917050e+000	1.140557e+000	1.140557e-002	1.140557e-002	-1.140557e-002
3.232486433983918e-003	2.981855e+000	9.918466e-001	9.918465e-003	9.918465e-003	-9.918465e-003
3.252486433983918e-003	2.999634e+000	8.274942e-001	8.274942e-003	8.274942e-003	-8.274942e-003
3.272486433983918e-003	2.970107e+000	6.500918e-001	6.500917e-003	6.500917e-003	-6.500917e-003
3.292486433983918e-003	2.893740e+000	4.624370e-001	4.624370e-003	4.624370e-003	-4.624370e-003
3.312486433983918e-003	2.771736e+000	2.674893e-001	2.674893e-003	2.674893e-003	-2.674893e-003
3.332486433983918e-003	2.606021e+000	6.832313e-002	6.832313e-004	6.832313e-004	-6.832313e-004
3.352486433983918e-003	2.399208e+000	-1.319205e-001	-1.319205e-003	-1.319205e-003	1.319205e-003
3.372486433983918e-003	2.154557e+000	-3.300837e-001	-3.300837e-003	-3.300837e-003	3.300837e-003
3.392486433983918e-003	1.875928e+000	-5.230412e-001	-5.230413e-003	-5.230413e-003	5.230413e-003
3.412486433983918e-003	1.567714e+000	-7.077501e-001	-7.077502e-003	-7.077502e-003	7.077502e-003
3.432486433983918e-003	1.234776e+000	-8.812975e-001	-8.812974e-003	-8.812974e-003	8.812974e-003
3.452486433983918e-003	8.823654e-001	-1.040946e+000	-1.040946e-002	-1.040946e-002	1.040946e-002
3.472486433983918e-003	5.160392e-001	-1.184178e+000	-1.184178e-002	-1.184178e-002	1.184178e-002
3.492486433983918e-003	1.415748e-001	-1.308736e+000	-1.308736e-002	-1.308736e-002	1.308736e-002
3.512486433983918e-003	-2.351224e-001	-1.412653e+000	-1.412653e-002	-1.412653e-002	1.412653e-002
3.532486433983918e-003	-6.081115e-001	-1.494292e+000	-1.494292e-002	-1.494292e-002	1.494292e-002
3.552486433983918e-003	-9.715104e-001	-1.552366e+000	-1.552366e-002	-1.552366e-002	1.552366e-002
3.572486433983918e-003	-1.319588e+000	-1.585957e+000	-1.585957e-002	-1.585957e-002	1.585957e-002
3.592486433983919e-003	-1.646855e+000	-1.594537e+000	-1.594537e-002	-1.594537e-002	1.594537e-002
3.612486433983919e-003	-1.948150e+000	-1.577971e+000	-1.577971e-002	-1.577971e-002	1.577971e-002
3.632486433983919e-003	-2.218721e+000	-1.536518e+000	-1.536518e-002	-1.536518e-002	1.536518e-002
3.652486433983919e-003	-2.454302e+000	-1.470834e+000	-1.470834e-002	-1.470834e-002	1.470834e-002
3.672486433983919e-003	-2.651177e+000	-1.381954e+000	-1.381954e-002	-1.381954e-002	1.381954e-002
3.692486433983919e-003	-2.806242e+000	-1.271280e+000	-1.271280e-002	-1.271280e-002	1.271280e-002
3.712486433983919e-003	-2.917050e+000	-1.140557e+000	-1.140557e-002	-1.140557e-002	1.140557e-002
3.732486433983919e-003	-2.981855e+000	-9.918466e-001	-9.918465e-003	-9.918465e-003	9.918465e-003
3.752486433983919e-003	-2.999634e+000	-8.274942e-001	-8.274942e-003	-8.274942e-003	8.274942e-003
3.772486433983919e-003	-2.970107e+000	-6.500918e-001	-6.500917e-003	-6.500917e-003	6.500917e-003
3.792486433983919e-003	-2.893740e+000	-4.624370e-001	-4.624370e-003	-4.624370e-003	4.624370e-003
3.812486433983919e-003	-2.771736e+000	-2.674893e-001	-2.674893e-003	-2.674893e-003	2.674893e-003
3.832486433983919e-003	-2.606021e+000	-6.832313e-002	-6.832313e-004	-6.832313e-004	6.832313e-004
3.852486433983919e-003	-2.399208e+000	1.319205e-001	1.319205e-003	1.319205e-003	-1.319205e-003
3.872486433983919e-003	-2.154557e+000	3.300837e-001	3.300837e-003	3.300837e-003	-3.300837e-003
3.892486433983919e-003	-1.875928e+000	5.230412e-001	5.230413e-003	5.230413e-003	-5.230413e-003
3.912486433983919e-003	-1.567714e+000	7.077501e-001	7.077502e-003	7.077502e-003	-7.077502e-003
3.932486433983918e-003	-1.234776e+000	8.812975e-001	8.812974e-003	8.812974e-003	-8.812974e-003
3.952486433983917e-003	-8.823654e-001	1.040946e+000	1.040946e-002	1.040946e-002	-1.040946e-002
3.972486433983916e-003	-5.160392e-001	1.184178e+000	1.184178e-002	1.184178e-002	-1.184178e-002
3.992486433983916e-003	-1.415748e-001	1.308736e+000	1.308736e-002	1.308736e-002	-1.308736e-002
4.012486433983915e-003	2.351224e-001	1.412653e+000	1.412653e-002	1.412653e-002	-1.412653e-002
4.032486433983914e-003	6.081115e-001	1.494292e+000	1.494292e-002	1.494292e-002	-1.494292e-002
4.052486433983913e-003	9.715104e-001	1.552366e+000	1.552366e-002	1.552366e-002	-1.552366e-002
4.072486433983912e-003	1.319588e+000	1.585957e+000	1.585957e-002	1.585957e-002	-1.585957e-002
4.092486433983912e-003	1.646855e+000	1.594537e+000	1.594537e-002	1.594537e-002	-1.594537e-002
4.112486433983911e-003	1.948150e+000	1.577971e+000	1.577971e-002	1.577971e-002	-1.577971e-002
4.132486433983910e-003	2.218721e+000	1.536518e+000	1.536518e-002	1.536518e-002	-1.536518e-002
4.152486433983909e-003	2.454302e+000	1.470834e+000	1.470834e-002	1.470834e-002	-1.470834e-002
4.172486433983908e-003	2.651177e+000	1.381954e+000	1.381954e-002	1.381954e-002	-1.381954e-002
4.192486433983907e-003	2.806242e+000	1.271280e+000	1.271280e-002	1.271280e-002	-1.271280e-002
4.212486433983907e-003	2.917050e+000	1.140557e+000	1.140557e-002	1.140557e-002	-1.140557e-002
4.232486433983906e-003	2.981855e+000	9.918466e-001	9.918465e-003	9.918465e-003	-9.918465e-003
4.252486433983905e-003	2.999634e+000	8.274942e-001	8.274942e-003	8.274942e-003	-8.274942e-003
4.272486433983904e-003	2.970107e+000	6.500918e-001	6.500917e-003	6.500917e-003	-6.500917e-003
4.292486433983903e-003	2.893740e+000	4.624370e-001	4.624370e-003	4.624370e-003	-4.624370e-003
4.312486433983903e-003	2.771736e+000	2.674893e-001	2.674893e-003	2.674893e-003	-2.674893e-003
4.332486433983902e-003	2.606021e+000	6.832313e-002	6.832313e-004	6.832313e-004	-6.832313e-004
4.352486433983901e-003	2.399208e+000	-1.319205e-001	-1.319205e-003	-1.319205e-003	1.319205e-003
4.372486433983900e-003	2.154557e+000	-3.300837e-001	-3.300837e-003	-3.300837e-003	3.300837e-003
4.392486433983899e-003	1.875928e+000	-5.230412e-001	-5.230413e-003	-5.230413e-003	5.230413e-003
4.412486433983899e-003	1.567714e+000	-7.077501e-001	-7.077502e-003	-7.077502e-003	7.077502e-003
4.432486433983898e-003	1.234776e+000	-8.812975e-001	-8.812974e-003	-8.812974e-003	8.812974e-003
4.452486433983897e-003	8.823654e-001	-1.040946e+000	-1.040946e-002	-1.040946e-002	1.040946e-002
4.472486433983896e-003	5.160392e-001	-1.184178e+000	-1.184178e-002	-1.184178e-002	1.184178e-002
4.492486433983895e-003	1.415748e-001	-1.308736e+000	-1.308736e-002	-1.308736e-002	1.308736e-002
4.512486433983894e-003	-2.351224e-001	-1.412653e+000	-1.412653e-002	-1.412653e-002	1.412653e-002
4.532486433983894e-003	-6.081115e-001	-1.494292e+000	-1.494292e-002	-1.494292e-002	1.494292e-002
4.552486433983893e-003	-9.715104e-001	-1.552366e+000	-1.552366e-002	-1.552366e-002	1.552366e-002
4.572486433983892e-003	-1.319588e+000	-1.585957e+000	-1.585957e-002	-1.585957e-002	1.585957e-002
4.592486433983891e-003	-1.646855e+000	-1.594537e+000	-1.594537e-002	-1.594537e-002	1.594537e-002
4.612486433983890e-003	-1.948150e+000	-1.577971e+000	-1.577971e-002	-1.577971e-002	1.577971e-002
4.632486433983890e-003	-2.218721e+000	-1.536518e+000	-1.536518e-002	-1.536518e-002	1.536518e-002
4.652486433983889e-003	-2.454302e+000	-1.470834e+000	-1.470834e-002	-1.470834e-002	1.470834e-002
4.672486433983888e-003	-2.651177e+000	-1.381954e+000	-1.381954e-002	-1.381954e-002	1.381954e-002
4.692486433983887e-003	-2.806242e+000	-1.271280e+000	-1.271280e-002	-1.271280e-002	1.271280e-002
4.712486433983886e-003	-2.917050e+000	-1.140557e+000	-1.140557e-002	-1.140557e-002	1.140557e-002
4.732486433983885e-003	-2.981855e+000	-9.918466e-001	-9.918465e-003	-9.918465e-003	9.918465e-003
4.752486433983885e-003	-2.999634e+000	-8.274942e-001	-8.274942e-003	-8.274942e-003	8.274942e-003
4.772486433983884e-003	-2.970107e+000	-6.500918e-001	-6.500917e-003	-6.500917e-003	6.500917e-003
4.792486433983883e-003	-2.893740e+000	-4.624370e-001	-4.624370e-003	-4.624370e-003	4.624370e-003
4.812486433983882e-003	-2.771736e+000	-2.674893e-001	-2.674893e-003	-2.674893e-003	2.674893e-003
4.832486433983881e-003	-2.606021e+000	-6.832313e-002	-6.832313e-004	-6.832313e-004	6.832313e-004
4.852486433983881e-003	-2.399208e+000	1.319205e-001	1.319205e-003	1.319205e-003	-1.319205e-003
4.872486433983880e-003	-2.154557e+000	3.300837e-001	3.300837e-003	3.300837e-003	-3.300837e-003
4.892486433983879e-003	-1.875928e+000	5.230412e-001	5.230413e-003	5.230413e-003	-5.230413e-003
4.912486433983878e-003	-1.567714e+000	7.077501e-001	7.077502e-003	7.077502e-003	-7.077502e-003
4.932486433983877e-003	-1.234776e+000	8.812975e-001	8.812974e-003	8.812974e-003	-8.812974e-003
4.952486433983877e-003	-8.823654e-001	1.040946e+000	1.040946e-002	1.040946e-002	-1.040946e-002
4.972486433983876e-003	-5.160392e-001	1.184178e+000	1.184178e-002	1.184178e-002	-1.184178e-002
4.992486433983875e-003	-1.415748e-001	1.308736e+000	1.308736e-002	1.308736e-002	-1.308736e-002
5.012486433983874e-003	2.351224e-001	1.412653e+000	1.412653e-002	1.412653e-002	-1.412653e-002
5.032486433983873e-003	6.081115e-001	1.494292e+000	1.494292e-002	1.494292e-002	-1.494292e-002
5.052486433983872e-003	9.715104e-001	1.552366e+000	1.552366e-002	1.552366e-002	-1.552366e-002
5.072486433983872e-003	1.319588e+000	1.585957e+000	1.585957e-002	1.585957e-002	-1.585957e-002
5.092486433983871e-003	1.646855e+000	1.594537e+000	1.594537e-002	1.594537e-002	-1.594537e-002
5.112486433983870e-003	1.948150e+000	1.577971e+000	1.577971e-002	1.577971e-002	-1.577971e-002
5.132486433983869e-003	2.218721e+000	1.536518e+000	1.536518e-002	1.536518e-002	-1.536518e-002
5.152486433983868e-003	2.454302e+000	1.470834e+000	1.470834e-002	1.470834e-002	-1.470834e-002
5.172486433983868e-003	2.651177e+000	1.381954e+000	1.381954e-002	1.381954e-002	-1.381954e-002
5.192486433983867e-003	2.806242e+000	1.271280e+000	1.271280e-002	1.271280e-002	-1.271280e-002
5.212486433983866e-003	2.917050e+000	1.140557e+000	1.140557e-002	1.140557e-002	-1.140557e-002
5.232486433983865e-003	2.981855e+000	9.918466e-001	9.918465e-003	9.918465e-003	-9.918465e-003
5.252486433983864e-003	2.999634e+000	8.274942e-001	8.274942e-003	8.274942e-003	-8.274942e-003
5.272486433983863e-003	2.970107e+000	6.500918e-001	6.500917e-003	6.500917e-003	-6.500917e-003
5.292486433983863e-003	2.893740e+000	4.624370e-001	4.624370e-003	4.624370e-003	-4.624370e-003
5.312486433983862e-003	2.771736e+000	2.674893e-001	2.674893e-003	2.674893e-003	-2.674893e-003
5.332486433983861e-003	2.606021e+000	6.832313e-002	6.832313e-004	6.832313e-004	-6.832313e-004
5.352486433983860e-003	2.399208e+000	-1.319205e-001	-1.319205e-003	-1.319205e-003	1.319205e-003
5.372486433983859e-003	2.154557e+000	-3.300837e-001	-3.300837e-003	-3.300837e-003	3.300837e-003
5.392486433983859e-003	1.875928e+000	-5.230412e-001	-5.230413e-003	-5.230413e-003	5.230413e-003
5.412486433983858e-003	1.567714e+000	-7.077501e-001	-7.077502e-003	-7.077502e-003	7.077502e-003
5.432486433983857e-003	1.234776e+000	-8.812975e-001	-8.812974e-003	-8.812974e-003	8.812974e-003
5.452486433983856e-003	8.823654e-001	-1.040946e+000	-1.040946e-002	-1.040946e-002	1.040946e-002
5.472486433983855e-003	5.160392e-001	-1.184178e+000	-1.184178e-002	-1.184178e-002	1.184178e-002
5.492486433983855e-003	1.415748e-001	-1.308736e+000	-1.308736e-002	-1.308736e-002	1.308736e-002
5.512486433983854e-003	-2.351224e-001	-1.412653e+000	-1.412653e-002	-1.412653e-002	1.412653e-002
5.532486433983853e-003	-6.081115e-001	-1.494292e+000	-1.494292e-002	-1.494292e-002	1.494292e-002
5.552486433983852e-003	-9.715104e-001	-1.552366e+000	-1.552366e-002	-1.552366e-002	1.552366e-002
5.572486433983851e-003	-1.319588e+000	-1.585957e+000	-1.585957e-002	-1.585957e-002	1.585957e-002
5.592486433983850e-003	-1.646855e+000	-1.594537e+000	-1.594537e-002	-1.594537e-002	1.594537e-002
5.612486433983850e-003	-1.948150e+000	-1.577971e+000	-1.577971e-002	-1.577971e-002	1.577971e-002
5.632486433983849e-003	-2.218721e+000	-1.536518e+000	-1.536518e-002	-1.536518e-002	1.536518e-002
5.652486433983848e-003	-2.454302e+000	-1.470834e+000	-1.470834e-002	-1.470834e-002	1.470834e-002
5.672486433983847e-003	-2.651177e+000	-1.381954e+000	-1.381954e-002	-1.381954e-002	1.381954e-002
5.692486433983846e-003	-2.806242e+000	-1.271280e+000	-1.271280e-002	-1.271280e-002	1.271280e-002
5.712486433983846e-003	-2.917050e+000	-1.140557e+000	-1.140557e-002	-1.140557e-002	1.140557e-002
5.732486433983845e-003	-2.981855e+000	-9.918466e-001	-9.918465e-003	-9.918465e-003	9.918465e-003
5.752486433983844e-003	-2.999634e+000	-8.274942e-001	-8.274942e-003	-8.274942e-003	8.274942e-003
5.772486433983843e-003	-2.970107e+000	-6.500918e-001	-6.500917e-003	-6.500917e-003	6.500917e-003
5.792486433983842e-003	-2.893740e+000	-4.624370e-001	-4.624370e-003	-4.624370e-003	4.624370e-003
5.812486433983841e-003	-2.771736e+000	-2.674893e-001	-2.674893e-003	-2.674893e-003	2.674893e-003
5.832486433983841e-003	-2.606021e+000	-6.832313e-002	-6.832313e-004	-6.832313e-004	6.832313e-004
5.852486433983840e-003	-2.399208e+000	1.319205e-001	1.319205e-003	1.319205e-003	-1.319205e-003
5.872486433983839e-003	-2.154557e+000	3.300837e-001	3.300837e-003	3.300837e-003	-3.300837e-003
5.892486433983838e-003	-1.875928e+000	5.230412e-001	5.230413e-003	5.230413e-003	-5.230413e-003
5.912486433983837e-003	-1.567714e+000	7.077501e-001	7.077502e-003	7.077502e-003	-7.077502e-003
5.932486433983837e-003	-1.234776e+000	8.812975e-001	8.812974e-003	8.812974e-003	-8.812974e-003
5.952486433983836e-003	-8.823654e-001	1.040946e+000	1.040946e-002	1.040946e-002	-1.040946e-002
5.972486433983835e-003	-5.160392e-001	1.184178e+000	1.184178e-002	1.184178e-002	-1.184178e-002
5.992486433983834e-003	-1.415748e-001	1.308736e+000	1.308736e-002	1.308736e-002	-1.308736e-002
6.012486433983833e-003	2.351224e-001	1.412653e+000	1.412653e-002	1.412653e-002	-1.412653e-002
6.032486433983833e-003	6.081115e-001	1.494292e+000	1.494292e-002	1.494292e-002	-1.494292e-002
6.052486433983832e-003	9.715104e-001	1.552366e+000	1.552366e-002	1.552366e-002	-1.552366e-002
6.072486433983831e-003	1.319588e+000	1.585957e+000	1.585957e-002	1.585957e-002	-1.585957e-002
6.092486433983830e-003	1.646855e+000	1.594537e+000	1.594537e-002	1.594537e-002	-1.594537e-002
6.112486433983829e-003	1.948150e+000	1.577971e+000	1.577971e-002	1.577971e-002	-1.577971e-002
6.132486433983828e-003	2.218721e+000	1.536518e+000	1.536518e-002	1.536518e-002	-1.536518e-002
6.152486433983828e-003	2.454302e+000	1.470834e+000	1.470834e-002	1.470834e-002	-1.470834e-002
6.172486433983827e-003	2.651177e+000	1.381954e+000	1.381954e-002	1.381954e-002	-1.381954e-002
6.192486433983826e-003	2.806242e+000	1.271280e+000	1.271280e-002	1.271280e-002	-1.271280e-002
6.212486433983825e-003	2.917050e+000	1.140557e+000	1.140557e-002	1.140557e-002	-1.140557e-002
6.232486433983824e-003	2.981855e+000	9.918466e-001	9.918465e-003	9.918465e-003	-9.918465e-003
6.252486433983824e-003	2.999634e+000	8.274942e-001	8.274942e-003	8.274942e-003	-8.274942e-003
6.272486433983823e-003	2.970107e+000	6.500918e-001	6.500917e-003	6.500917e-003	-6.500917e-003
6.292486433983822e-003	2.893740e+000	4.624370e-001	4.624370e-003	4.624370e-003	-4.624370e-003
6.312486433983821e-003	2.771736e+000	2.674893e-001	2.674893e-003	2.674893e-003	-2.674893e-003
6.332486433983820e-003	2.606021e+000	6.832313e-002	6.832313e-004	6.832313e-004	-6.832313e-004
6.352486433983819e-003	2.399208e+000	-1.319205e-001	-1.319205e-003	-1.319205e-003	1.319205e-003
6.372486433983819e-003	2.154557e+000	-3.300837e-001	-3.300837e-003	-3.300837e-003	3.300837e-003
6.392486433983818e-003	1.875928e+000	-5.230412e-001	-5.230413e-003	-5.230413e-003	5.230413e-003
6.412486433983817e-003	1.567714e+000	-7.077501e-001	-7.077502e-003	-7.077502e-003	7.077502e-003
6.432486433983816e-003	1.234776e+000	-8.812975e-001	-8.812974e-003	-8.812974e-003	8.812974e-003
6.452486433983815e-003	8.823654e-001	-1.040946e+000	-1.040946e-002	-1.040946e-002	1.040946e-002
6.472486433983815e-003	5.160392e-001	-1.184178e+000	-1.184178e-002	-1.184178e-002	1.184178e-002
6.492486433983814e-003	1.415748e-001	-1.308736e+000	-1.308736e-002	-1.308736e-002	1.308736e-002
6.512486433983813e-003	-2.351224e-001	-1.412653e+000	-1.412653e-002	-1.412653e-002	1.412653e-002
6.532486433983812e-003	-6.081115e-001	-1.494292e+000	-1.494292e-002	-1.494292e-002	1.494292e-002
6.552486433983811e-003	-9.715104e-001	-1.552366e+000	-1.552366e-002	-1.552366e-002	1.552366e-002
6.572486433983811e-003	-1.319588e+000	-1.585957e+000	-1.585957e-002	-1.585957e-002	1.585957e-002
6.592486433983810e-003	-1.646855e+000	-1.594537e+000	-1.594537e-002	-1.594537e-002	1.594537e-002
6.612486433983809e-003	-1.948150e+000	-1.577971e+000	-1.577971e-002	-1.577971e-002	1.577971e-002
6.632486433983808e-003	-2.218721e+000	-1.536518e+000	-1.536518e-002	-1.536518e-002	1.536518e-002
6.652486433983807e-003	-2.454302e+000	-1.470834e+000	-1.470834e-002	-1.470834e-002	1.470834e-002
6.672486433983806e-003	-2.651177e+000	-1.381954e+000	-1.381954e-002	-1.381954e-002	1.381954e-002
6.692486433983806e-003	-2.806242e+000	-1.271280e+000	-1.271280e-002	-1.271280e-002	1.271280e-002
6.712486433983805e-003	-2.917050e+000	-1.140557e+000	-1.140557e-002	-1.140557e-002	1.140557e-002
6.732486433983804e-003	-2.981855e+000	-9.918466e-001	-9.918465e-003	-9.918465e-003	9.918465e-003
6.752486433983803e-003	-2.999634e+000	-8.274942e-001	-8.274942e-003	-8.274942e-003	8.274942e-003
6.772486433983802e-003	-2.970107e+000	-6.500918e-001	-6.500917e-003	-6.500917e-003	6.500917e-003
6.792486433983802e-003	-2.893740e+000	-4.624370e-001	-4.624370e-003	-4.624370e-003	4.624370e-003
6.812486433983801e-003	-2.771736e+000	-2.674893e-001	-2.674893e-003	-2.674893e-003	2.674893e-003
6.832486433983800e-003	-2.606021e+000	-6.832313e-002	-6.832313e-004	-6.832313e-004	6.832313e-004
6.852486433983799e-003	-2.399208e+000	1.319205e-001	1.319205e-003	1.319205e-003	-1.319205e-003
6.872486433983798e-003	-2.154557e+000	3.300837e-001	3.300837e-003	3.300837e-003	-3.300837e-003
6.892486433983797e-003	-1.875928e+000	5.230412e-001	5.230413e-003	5.230413e-003	-5.230413e-003
6.912486433983797e-003	-1.567714e+000	7.077501e-001	7.077502e-003	7.077502e-003	-7.077502e-003
6.932486433983796e-003	-1.234776e+000	8.812975e-001	8.812974e-003	8.812974e-003	-8.812974e-003
6.952486433983795e-003	-8.823654e-001	1.040946e+000	1.040946e-002	1.040946e-002	-1.040946e-002
6.972486433983794e-003	-5.160392e-001	1.184178e+000	1.184178e-002	1.184178e-002	-1.184178e-002
6.992486433983793e-003	-1.415748e-001	1.308736e+000	1.308736e-002	1.308736e-002	-1.308736e-002
7.012486433983793e-003	2.351224e-001	1.412653e+000	1.412653e-002	1.412653e-002	-1.412653e-002
7.032486433983792e-003	6.081115e-001	1.494292e+000	1.494292e-002	1.494292e-002	-1.494292e-002
7.052486433983791e-003	9.715104e-001	1.552366e+000	1.552366e-002	1.552366e-002	-1.552366e-002
7.072486433983790e-003	1.319588e+000	1.585957e+000	1.585957e-002	1.585957e-002	-1.585957e-002
7.092486433983789e-003	1.646855e+000	1.594537e+000	1.594537e-002	1.594537e-002	-1.594537e-002
7.112486433983789e-003	1.948150e+000	1.577971e+000	1.577971e-002	1.577971e-002	-1.577971e-002
7.132486433983788e-003	2.218721e+000	1.536518e+000	1.536518e-002	1.536518e-002	-1.536518e-002
7.152486433983787e-003	2.454302e+000	1.470834e+000	1.470834e-002	1.470834e-002	-1.470834e-002
7.172486433983786e-003	2.651177e+000	1.381954e+000	1.381954e-002	1.381954e-002	-1.381954e-002
7.192486433983785e-003	2.806242e+000	1.271280e+000	1.271280e-002	1.271280e-002	-1.271280e-002
7.212486433983784e-003	2.917050e+000	1.140557e+000	1.140557e-002	1.140557e-002	-1.140557e-002
7.232486433983784e-003	2.981855e+000	9.918466e-001	9.918465e-003	9.918465e-003	-9.918465e-003
7.252486433983783e-003	2.999634e+000	8.274942e-001	8.274942e-003	8.274942e-003	-8.274942e-003
7.272486433983782e-003	2.970107e+000	6.500918e-001	6.500917e-003	6.500917e-003	-6.500917e-003
7.292486433983781e-003	2.893740e+000	4.624370e-001	4.624370e-003	4.624370e-003	-4.624370e-003
7.312486433983780e-003	2.771736e+000	2.674893e-001	2.674893e-003	2.674893e-003	-2.674893e-003
7.332486433983780e-003	2.606021e+000	6.832313e-002	6.832313e-004	6.832313e-004	-6.832313e-004
7.352486433983779e-003	2.399208e+000	-1.319205e-001	-1.319205e-003	-1.319205e-003	1.319205e-003
7.372486433983778e-003	2.154557e+000	-3.300837e-001	-3.300837e-003	-3.300837e-003	3.300837e-003
7.392486433983777e-003	1.875928e+000	-5.230412e-001	-5.230413e-003	-5.230413e-003	5.230413e-003
7.412486433983776e-003	1.567714e+000	-7.077501e-001	-7.077502e-003	-7.077502e-003	7.077502e-003
7.432486433983775e-003	1.234776e+000	-8.812975e-001	-8.812974e-003	-8.812974e-003	8.812974e-003
7.452486433983775e-003	8.823654e-001	-1.040946e+000	-1.040946e-002	-1.040946e-002	1.040946e-002
7.472486433983774e-003	5.160392e-001	-1.184178e+000	-1.184178e-002	-1.184178e-002	1.184178e-002
7.492486433983773e-003	1.415748e-001	-1.308736e+000	-1.308736e-002	-1.308736e-002	1.308736e-002
7.512486433983772e-003	-2.351224e-001	-1.412653e+000	-1.412653e-002	-1.412653e-002	1.412653e-002
7.532486433983771e-003	-6.081115e-001	-1.494292e+000	-1.494292e-002	-1.494292e-002	1.494292e-002
7.552486433983771e-003	-9.715104e-001	-1.552366e+000	-1.552366e-002	-1.552366e-002	1.552366e-002
7.572486433983770e-003	-1.319588e+000	-1.585957e+000	-1.585957e-002	-1.585957e-002	1.585957e-002
7.592486433983769e-003	-1.646855e+000	-1.594537e+000	-1.594537e-002	-1.594537e-002	1.594537e-002
7.612486433983768e-003	-1.948150e+000	-1.577971e+000	-1.577971e-002	-1.577971e-002	1.577971e-002
7.632486433983767e-003	-2.218721e+000	-1.536518e+000	-1.536518e-002	-1.536518e-002	1.536518e-002
7.652486433983767e-003	-2.454302e+000	-1.470834e+000	-1.470834e-002	-1.470834e-002	1.470834e-002
7.672486433983766e-003	-2.651177e+000	-1.381954e+000	-1.381954e-002	-1.381954e-002	1.381954e-002
7.692486433983765e-003	-2.806242e+000	-1.271280e+000	-1.271280e-002	-1.271280e-002	1.271280e-002
7.712486433983764e-003	-2.917050e+000	-1.140557e+000	-1.140557e-002	-1.140557e-002	1.140557e-002
7.732486433983763e-003	-2.981855e+000	-9.918466e-001	-9.918465e-003	-9.918465e-003	9.918465e-003
7.752486433983762e-003	-2.999634e+000	-8.274942e-001	-8.274942e-003	-8.274942e-003	8.274942e-003
7.772486433983762e-003	-2.970107e+000	-6.500918e-001	-6.500917e-003	-6.500917e-003	6.500917e-003
7.792486433983761e-003	-2.893740e+000	-4.624370e-001	-4.624370e-003	-4.624370e-003	4.624370e-003
7.812486433983760e-003	-2.771736e+000	-2.674893e-001	-2.674893e-003	-2.674893e-003	2.674893e-003
7.832486433983760e-003	-2.606021e+000	-6.832313e-002	-6.832313e-004	-6.832313e-004	6.832313e-004
7.852486433983759e-003	-2.399208e+000	1.319205e-001	1.319205e-003	1.319205e-003	-1.319205e-003
7.872486433983758e-003	-2.154557e+000	3.300837e-001	3.300837e-003	3.300837e-003	-3.300837e-003
7.892486433983758e-003	-1.875928e+000	5.230412e-001	5.230413e-003	5.230413e-003	-5.230413e-003
7.912486433983757e-003	-1.567714e+000	7.077501e-001	7.077502e-003	7.077502e-003	-7.077502e-003
7.932486433983756e-003	-1.234776e+000	8.812975e-001	8.812974e-003	8.812974e-003	-8.812974e-003
7.952486433983755e-003	-8.823654e-001	1.040946e+000	1.040946e-002	1.040946e-002	-1.040946e-002
7.972486433983754e-003	-5.160392e-001	1.184178e+000	1.184178e-002	1.184178e-002	-1.184178e-002
7.992486433983754e-003	-1.415748e-001	1.308736e+000	1.308736e-002	1.308736e-002	-1.308736e-002
8.012486433983753e-003	2.351224e-001	1.412653e+000	1.412653e-002	1.412653e-002	-1.412653e-002
8.032486433983752e-003	6.081115e-001	1.494292e+000	1.494292e-002	1.494292e-002	-1.494292e-002
8.052486433983751e-003	9.715104e-001	1.552366e+000	1.552366e-002	1.552366e-002	-1.552366e-002
8.072486433983750e-003	1.319588e+000	1.585957e+000	1.585957e-002	1.585957e-002	-1.585957e-002
8.092486433983749e-003	1.646855e+000	1.594537e+000	1.594537e-002	1.594537e-002	-1.594537e-002
8.112486433983749e-003	1.948150e+000	1.577971e+000	1.577971e-002	1.577971e-002	-1.577971e-002
8.132486433983748e-003	2.218721e+000	1.536518e+000	1.536518e-002	1.536518e-002	-1.536518e-002
8.152486433983747e-003	2.454302e+000	1.470834e+000	1.470834e-002	1.470834e-002	-1.470834e-002
8.172486433983746e-003	2.651177e+000	1.381954e+000	1.381954e-002	1.381954e-002	-1.381954e-002
8.192486433983745e-003	2.806242e+000	1.271280e+000	1.271280e-002	1.271280e-002	-1.271280e-002
8.212486433983745e-003	2.917050e+000	1.140557e+000	1.140557e-002	1.140557e-002	-1.140557e-002
8.232486433983744e-003	2.981855e+000	9.918466e-001	9.918465e-003	9.918465e-003	-9.918465e-003
8.252486433983743e-003	2.999634e+000	8.274942e-001	8.274942e-003	8.274942e-003	-8.274942e-003
8.272486433983742e-003	2.970107e+000	6.500918e-001	6.500917e-003	6.500917e-003	-6.500917e-003
8.292486433983741e-003	2.893740e+000	4.624370e-001	4.624370e-003	4.624370e-003	-4.624370e-003
8.312486433983740e-003	2.771736e+000	2.674893e-001	2.674893e-003	2.674893e-003	-2.674893e-003
8.332486433983740e-003	2.606021e+000	6.832313e-002	6.832313e-004	6.832313e-004	-6.832313e-004
8.352486433983739e-003	2.399208e+000	-1.319205e-001	-1.319205e-003	-1.319205e-003	1.319205e-003
8.372486433983738e-003	2.154557e+000	-3.300837e-001	-3.300837e-003	-3.300837e-003	3.300837e-003
8.392486433983737e-003	1.875928e+000	-5.230412e-001	-5.230413e-003	-5.230413e-003	5.230413e-003
8.412486433983736e-003	1.567714e+000	-7.077501e-001	-7.077502e-003	-7.077502e-003	7.077502e-003
8.432486433983736e-003	1.234776e+000	-8.812975e-001	-8.812974e-003	-8.812974e-003	8.812974e-003
8.452486433983735e-003	8.823654e-001	-1.040946e+000	-1.040946e-002	-1.040946e-002	1.040946e-002
8.472486433983734e-003	5.160392e-001	-1.184178e+000	-1.184178e-002	-1.184178e-002	1.184178e-002
8.492486433983733e-003	1.415748e-001	-1.308736e+000	-1.308736e-002	-1.308736e-002	1.308736e-002
8.512486433983732e-003	-2.351224e-001	-1.412653e+000	-1.412653e-002	-1.412653e-002	1.412653e-002
8.532486433983732e-003	-6.081115e-001	-1.494292e+000	-1.494292e-002	-1.494292e-002	1.494292e-002
8.552486433983731e-003	-9.715104e-001	-1.552366e+000	-1.552366e-002	-1.552366e-002	1.552366e-002
8.572486433983730e-003	-1.319588e+000	-1.585957e+000	-1.585957e-002	-1.585957e-002	1.585957e-002
8.592486433983729e-003	-1.646855e+000	-1.594537e+000	-1.594537e-002	-1.594537e-002	1.594537e-002
8.612486433983728e-003	-1.948150e+000	-1.577971e+000	-1.577971e-002	-1.577971e-002	1.577971e-002
8.632486433983727e-003	-2.218721e+000	-1.536518e+000	-1.536518e-002	-1.536518e-002	1.536518e-002
8.652486433983727e-003	-2.454302e+000	-1.470834e+000	-1.470834e-002	-1.470834e-002	1.470834e-002
8.672486433983726e-003	-2.651177e+000	-1.381954e+000	-1.381954e-002	-1.381954e-002	1.381954e-002
8.692486433983725e-003	-2.806242e+000	-1.271280e+000	-1.271280e-002	-1.271280e-002	1.271280e-002
8.712486433983724e-003	-2.917050e+000	-1.140557e+000	-1.140557e-002	-1.140557e-002	1.140557e-002
8.732486433983723e-003	-2.981855e+000	-9.918466e-001	-9.918465e-003	-9.918465e-003	9.918465e-003
8.752486433983723e-003	-2.999634e+000	-8.274942e-001	-8.274942e-003	-8.274942e-003	8.274942e-003
8.772486433983722e-003	-2.970107e+000	-6.500918e-001	-6.500917e-003	-6.500917e-003	6.500917e-003
8.792486433983721e-003	-2.893740e+000	-4.624370e-001	-4.624370e-003	-4.624370e-003	4.624370e-003
8.812486433983720e-003	-2.771736e+000	-2.674893e-001	-2.674893e-003	-2.674893e-003	2.674893e-003
8.832486433983719e-003	-2.606021e+000	-6.832313e-002	-6.832313e-004	-6.832313e-004	6.832313e-004
8.852486433983718e-003	-2.399208e+000	1.319205e-001	1.319205e-003	1.319205e-003	-1.319205e-003
8.872486433983718e-003	-2.154557e+000	3.300837e-001	3.300837e-003	3.300837e-003	-3.300837e-003
8.892486433983717e-003	-1.875928e+000	5.230412e-001	5.230413e-003	5.230413e-003	-5.230413e-003
8.912486433983716e-003	-1.567714e+000	7.077501e-001	7.077502e-003	7.077502e-003	-7.077502e-003
8.932486433983715e-003	-1.234776e+000	8.812975e-001	8.812974e-003	8.812974e-003	-8.812974e-003
8.952486433983714e-003	-8.823654e-001	1.040946e+000	1.040946e-002	1.040946e-002	-1.040946e-002
8.972486433983714e-003	-5.160392e-001	1.184178e+000	1.184178e-002	1.184178e-002	-1.184178e-002
8.992486433983713e-003	-1.415748e-001	1.308736e+000	1.308736e-002	1.308736e-002	-1.308736e-002
9.012486433983712e-003	2.351224e-001	1.412653e+000	1.412653e-002	1.412653e-002	-1.412653e-002
9.032486433983711e-003	6.081115e-001	1.494292e+000	1.494292e-002	1.494292e-002	-1.494292e-002
9.052486433983710e-003	9.715104e-001	1.552366e+000	1.552366e-002	1.552366e-002	-1.552366e-002
9.072486433983710e-003	1.319588e+000	1.585957e+000	1.585957e-002	1.585957e-002	-1.585957e-002
9.092486433983709e-003	1.646855e+000	1.594537e+000	1.594537e-002	1.594537e-002	-1.594537e-002
9.112486433983708e-003	1.948150e+000	1.577971e+000	1.577971e-002	1.577971e-002	-1.577971e-002
9.132486433983707e-003	2.218721e+000	1.536518e+000	1.536518e-002	1.536518e-002	-1.536518e-002
9.152486433983706e-003	2.454302e+000	1.470834e+000	1.470834e-002	1.470834e-002	-1.470834e-002
9.172486433983705e-003	2.651177e+000	1.381954e+000	1.381954e-002	1.381954e-002	-1.381954e-002
9.192486433983705e-003	2.806242e+000	1.271280e+000	1.271280e-002	1.271280e-002	-1.271280e-002
9.212486433983704e-003	2.917050e+000	1.140557e+000	1.140557e-002	1.140557e-002	-1.140557e-002
9.232486433983703e-003	2.981855e+000	9.918466e-001	9.918465e-003	9.918465e-003	-9.918465e-003
9.252486433983702e-003	2.999634e+000	8.274942e-001	8.274942e-003	8.274942e-003	-8.274942e-003
9.272486433983701e-003	2.970107e+000	6.500918e-001	6.500917e-003	6.500917e-003	-6.500917e-003
9.292486433983701e-003	2.893740e+000	4.624370e-001	4.624370e-003	4.624370e-003	-4.624370e-003
9.312486433983700e-003	2.771736e+000	2.674893e-001	2.674893e-003	2.674893e-003	-2.674893e-003
9.332486433983699e-003	2.606021e+000	6.832313e-002	6.832313e-004	6.832313e-004	-6.832313e-004
9.352486433983698e-003	2.399208e+000	-1.319205e-001	-1.319205e-003	-1.319205e-003	1.319205e-003
9.372486433983697e-003	2.154557e+000	-3.300837e-001	-3.300837e-003	-3.300837e-003	3.300837e-003
9.392486433983696e-003	1.875928e+000	-5.230412e-001	-5.230413e-003	-5.230413e-003	5.230413e-003
9.412486433983696e-003	1.567714e+000	-7.077501e-001	-7.077502e-003	-7.077502e-003	7.077502e-003
9.432486433983695e-003	1.234776e+000	-8.812975e-001	-8.812974e-003	-8.812974e-003	8.812974e-003
9.452486433983694e-003	8.823654e-001	-1.040946e+000	-1.040946e-002	-1.040946e-002	1.040946e-002
9.472486433983693e-003	5.160392e-001	-1.184178e+000	-1.184178e-002	-1.184178e-002	1.184178e-002
9.492486433983692e-003	1.415748e-001	-1.308736e+000	-1.308736e-002	-1.308736e-002	1.308736e-002
9.512486433983692e-003	-2.351224e-001	-1.412653e+000	-1.412653e-002	-1.412653e-002	1.412653e-002
9.532486433983691e-003	-6.081115e-001	-1.494292e+000	-1.494292e-002	-1.494292e-002	1.494292e-002
9.552486433983690e-003	-9.715104e-001	-1.552366e+000	-1.552366e-002	-1.552366e-002	1.552366e-002
9.572486433983689e-003	-1.319588e+000	-1.585957e+000	-1.585957e-002	-1.585957e-002	1.585957e-002
9.592486433983688e-003	-1.646855e+000	-1.594537e+000	-1.594537e-002	-1.594537e-002	1.594537e-002
9.612486433983688e-003	-1.948150e+000	-1.577971e+000	-1.577971e-002	-1.577971e-002	1.577971e-002
9.632486433983687e-003	-2.218721e+000	-1.536518e+000	-1.536518e-002	-1.536518e-002	1.536518e-002
9.652486433983686e-003	-2.454302e+000	-1.470834e+000	-1.470834e-002	-1.470834e-002	1.470834e-002
9.672486433983685e-003	-2.651177e+000	-1.381954e+000	-1.381954e-002	-1.381954e-002	1.381954e-002
9.692486433983684e-003	-2.806242e+000	-1.271280e+000	-1.271280e-002	-1.271280e-002	1.271280e-002
9.712486433983683e-003	-2.917050e+000	-1.140557e+000	-1.140557e-002	-1.140557e-002	1.140557e-002
9.732486433983683e-003	-2.981855e+000	-9.918466e-001	-9.918465e-003	-9.918465e-003	9.918465e-003
9.752486433983682e-003	-2.999634e+000	-8.274942e-001	-8.274942e-003	-8.274942e-003	8.274942e-003
9.772486433983681e-003	-2.970107e+000	-6.500918e-001	-6.500917e-003	-6.500917e-003	6.500917e-003
9.792486433983680e-003	-2.893740e+000	-4.624370e-001	-4.624370e-003	-4.624370e-003	4.624370e-003
9.812486433983679e-003	-2.771736e+000	-2.674893e-001	-2.674893e-003	-2.674893e-003	2.674893e-003
9.832486433983679e-003	-2.606021e+000	-6.832313e-002	-6.832313e-004	-6.832313e-004	6.832313e-004
9.852486433983678e-003	-2.399208e+000	1.319205e-001	1.319205e-003	1.319205e-003	-1.319205e-003
9.872486433983677e-003	-2.154557e+000	3.300837e-001	3.300837e-003	3.300837e-003	-3.300837e-003
9.892486433983676e-003	-1.875928e+000	5.230412e-001	5.230413e-003	5.230413e-003	-5.230413e-003
9.912486433983675e-003	-1.567714e+000	7.077501e-001	7.077502e-003	7.077502e-003	-7.077502e-003
9.932486433983674e-003	-1.234776e+000	8.812975e-001	8.812974e-003	8.812974e-003	-8.812974e-003
9.952486433983674e-003	-8.823654e-001	1.040946e+000	1.040946e-002	1.040946e-002	-1.040946e-002
9.972486433983673e-003	-5.160392e-001	1.184178e+000	1.184178e-002	1.184178e-002	-1.184178e-002
9.992486433983672e-003	-1.415748e-001	1.309056e+000	1.309056e-002	1.309056e-002	-1.309056e-002
1.000000000000000e-002	-7.347880e-015	1.351611e+000	1.351611e-002	1.351611e-002	-1.351611e-002
